screenWidth=1920.000000
screenHeight=1080.000000
fieldOfView=0.650000
animationDuration=16
animationFrames=200
levelOfDetail=8
